$ 1 0.000005 0.022313016014842982 50 5 43 5e-11
L 224 160 192 160 0 1 false 5 0
L 224 192 192 192 0 1 false 5 0
L 224 224 192 224 0 1 false 5 0
L 224 256 192 256 0 1 false 5 0
L 224 320 192 320 0 1 false 5 0
L 224 352 192 352 0 1 false 5 0
L 224 384 192 384 0 1 false 5 0
L 224 416 192 416 0 1 false 5 0
150 384 160 480 160 0 2 0 5
150 400 240 512 240 0 2 0 5
w 224 160 384 144 0
w 224 320 400 256 0
I 224 160 336 160 0 0.5 5
w 400 224 336 160 0
I 224 320 352 320 0 0.5 5
w 352 320 384 176 0
150 384 64 512 64 0 2 5 5
w 384 48 224 160 0
w 224 320 384 80 0
152 528 208 688 208 0 2 0 5
w 480 160 528 192 0
w 528 224 512 240 0
M 688 208 880 80 0 2.5
w 880 480 864 496 0
w 832 416 880 448 0
152 880 464 1040 464 0 2 0 5
w 704 576 736 432 0
I 576 576 704 576 0 0.5 5
w 752 480 688 416 0
I 576 416 688 416 0 0.5 5
w 576 576 752 512 0
w 576 416 736 400 0
150 752 496 864 496 0 2 0 5
150 736 416 832 416 0 2 0 5
w 224 192 576 416 0
w 224 352 576 576 0
w 512 64 448 624 0
I 448 624 608 624 0 0.5 5
150 1072 464 1200 464 0 2 0 5
w 1040 464 1072 448 0
w 608 624 1072 480 0
w 512 64 608 704 0
150 1024 656 1200 656 0 2 5 5
I 1040 464 1040 592 0 0.5 5
w 1040 592 1024 640 0
w 608 704 1024 672 0
152 1264 544 1488 544 0 2 5 5
w 1200 464 1264 528 0
w 1264 560 1200 656 0
M 1488 544 1616 544 0 2.5
150 576 848 752 848 0 2 5 5
150 592 976 784 976 0 2 5 5
150 608 1072 800 1072 0 2 5 5
w 224 192 576 832 0
w 608 1056 224 352 0
w 224 192 608 1088 0
w 224 352 592 992 0
w 512 64 576 864 0
w 512 64 592 960 0
152 880 912 1136 912 0 2 5 5
152 1136 944 1408 944 0 2 5 5
w 1136 912 1136 928 0
w 1136 960 800 1072 0
w 784 976 880 928 0
w 880 896 752 848 0
w 832 1792 704 1744 0
w 736 1872 832 1824 0
w 1088 1856 752 1968 0
w 1088 1808 1088 1824 0
152 1088 1840 1360 1840 0 2 5 5
152 832 1808 1088 1808 0 2 5 5
w 464 960 544 1856 0
w 464 960 528 1760 0
w 176 1248 544 1888 0
w 176 1088 560 1984 0
w 560 1952 176 1248 0
w 176 1088 528 1728 0
150 560 1968 752 1968 0 2 5 5
150 544 1872 736 1872 0 2 5 5
150 528 1744 704 1744 0 2 5 5
M 1440 1440 1568 1440 0 2.5
w 1216 1456 1152 1552 0
w 1152 1360 1216 1424 0
152 1216 1440 1440 1440 0 2 5 5
w 560 1600 976 1568 0
w 992 1488 976 1536 0
I 992 1360 992 1488 0 0.5 5
150 976 1552 1152 1552 0 2 5 5
w 464 960 560 1600 0
w 560 1520 1024 1376 0
w 992 1360 1024 1344 0
150 1024 1360 1152 1360 0 2 0 5
I 400 1520 560 1520 0 0.5 5
w 464 960 400 1520 0
w 176 1248 528 1472 0
w 176 1088 528 1312 0
150 688 1312 784 1312 0 2 0 5
150 704 1392 816 1392 0 2 0 5
w 528 1312 688 1296 0
w 528 1472 704 1408 0
I 528 1312 640 1312 0 0.5 5
w 704 1376 640 1312 0
I 528 1472 656 1472 0 0.5 5
w 656 1472 688 1328 0
152 832 1360 992 1360 0 2 0 5
w 784 1312 832 1344 0
w 832 1376 816 1392 0
w 816 2880 688 2832 0
w 720 2960 816 2912 0
w 1072 2944 736 3056 0
w 1072 2896 1072 2912 0
152 1072 2928 1344 2928 0 2 5 5
152 816 2896 1072 2896 0 2 5 5
w 448 2048 528 2944 0
w 448 2048 512 2848 0
w 160 2336 528 2976 0
w 160 2176 544 3072 0
w 544 3040 160 2336 0
w 160 2176 512 2816 0
150 544 3056 736 3056 0 2 5 5
150 528 2960 720 2960 0 2 5 5
150 512 2832 688 2832 0 2 5 5
M 1424 2528 1552 2528 0 2.5
w 1200 2544 1136 2640 0
w 1136 2448 1200 2512 0
152 1200 2528 1424 2528 0 2 5 5
w 544 2688 960 2656 0
w 976 2576 960 2624 0
I 976 2448 976 2576 0 0.5 5
150 960 2640 1136 2640 0 2 5 5
w 448 2048 544 2688 0
w 544 2608 1008 2464 0
w 976 2448 1008 2432 0
150 1008 2448 1136 2448 0 2 0 5
I 384 2608 544 2608 0 0.5 5
w 448 2048 384 2608 0
w 160 2336 512 2560 0
w 160 2176 512 2400 0
150 672 2400 768 2400 0 2 0 5
150 688 2480 800 2480 0 2 0 5
w 512 2400 672 2384 0
w 512 2560 688 2496 0
I 512 2400 624 2400 0 0.5 5
w 688 2464 624 2400 0
I 512 2560 640 2560 0 0.5 5
w 640 2560 672 2416 0
152 816 2448 976 2448 0 2 0 5
w 768 2400 816 2432 0
w 816 2464 800 2480 0
w 1408 944 464 960 0
w 224 224 176 1088 0
w 224 384 176 1248 0
w 224 256 -32 1488 0
w -32 1488 160 2176 0
w 448 2048 1360 1840 0
w 160 2336 272 688 0
w 224 416 272 688 0
x 1596 506 1714 509 4 100 S1
x 1579 1392 1697 1395 4 100 S2
x 1555 2479 1673 2482 4 100 S3
x 914 24 1032 27 4 100 S0
x 44 166 108 169 4 50 A0
x 44 211 108 214 4 50 A1
x 42 246 106 249 4 50 A2
x 35 281 99 284 4 50 A3
x 40 328 101 331 4 50 B0
x 45 365 106 368 4 50 B1
x 43 409 104 412 4 50 B2
x 47 450 108 453 4 50 B3
418 -1216 448 -592 848 0 1 40 5 0 0 0.5 ext
